1       0       260     0       759
1       0       240     10      713
1       0       270     0       743
1       1       230     10      493
1       1       160     0       454
1       1       150     10      768
2       0       610     10      1469
2       0       580     20      1411
2       0       590     20      1380
2       1       440     10      808
2       1       450     50      800
2       1       400     30      860
5       0       1360    40      3288
5       0       1430    70      3294
5       0       1440    60      3284
5       1       1000    40      1902
5       1       970     70      1898
5       1       940     30      1900
10      0       2860    60      6500
10      0       2920    30      6486
10      0       2890    80      6586
10      1       2070    140     3735
10      1       1880    60      3757
10      1       2080    70      3728
20      0       6150    160     12959
20      0       5860    150     12965
20      0       5860    90      12905
20      1       4050    160     7435
20      1       3950    90      7362
20      1       4090    120     7380
50      0       14090   400     32527
50      0       14910   360     32222
50      0       14250   400     32317
50      1       9880    280     18366
50      1       9010    1120    19253
50      1       9980    380     18314
