1       0       280     30      719
1       0       280     10      710
1       0       280     10      728
1       1       260     10      448
1       1       250     10      440
1       1       210     0       446
2       0       610     10      1357
2       0       650     40      1360
2       0       610     10      1430
2       1       450     40      846
2       1       470     10      865
2       1       430     20      858
5       0       1460    30      3344
5       0       1540    60      3306
5       0       1360    20      3338
5       1       1070    70      2014
5       1       1030    10      1951
5       1       1020    30      1956
10      0       2870    50      6516
10      0       3030    90      6511
10      0       2900    100     6537
10      1       2040    110     3851
10      1       2070    70      3897
10      1       2020    90      3883
20      0       5960    170     13109
20      0       5730    120     13020
20      0       5750    180     12948
20      1       4150    150     7632
20      1       4140    190     7968
20      1       4080    130     7599
50      0       14550   400     32348
50      0       14910   390     32360
50      0       14390   340     33495
50      1       10400   450     19003
50      1       9710    890     18852
50      1       10540   320     19002
